1,2011,2011,0,0,194.6722575
2,2011,2011,0.081539465,4,153.2126549
3,2011,2011,0.114836932,24,319.4189251
4,2011,2011,0.140419855,9,229.7268834
5,2011,2011,0,0,267.7777778
6,2011,2011,0.212251136,12,216.2839071
7,2011,2011,0.121921483,50,323.5796147
8,2011,2011,0.128932439,10,236.7199587
9,2011,2011,0.364475762,22,182.7238489
10,2011,2011,0,0,279.5219769
11,2011,2011,0.230167255,9,78.25686666
12,2011,2011,0,0,114.3623506
13,2011,2011,0.084846428,6,206.2616664
14,2011,2011,4.541701073,132,507.0189926
15,2011,2011,0.126582278,1,293.0379747
16,2011,2011,1.327580485,84,249.253236
17,2011,2011,0.203066301,3,279.1146309
18,2011,2011,0.268204372,12,125.0502883
19,2011,2011,0.793118175,219,244.402416
20,2011,2011,0.187248385,10,289.9541241
21,2011,2011,0.536365587,26,239.2190517
22,2011,2011,0.813338756,18,486.5121323
23,2011,2011,0.051923776,10,256.2957578
24,2011,2011,0.105652404,20,246.3814052
25,2011,2011,0.307644978,8,224.4270112
26,2011,2011,1.479563529,72,319.5857222
27,2011,2011,0.356315696,19,188.550389
28,2011,2011,0.275862069,5,362.0689655
29,2011,2011,0.275912812,16,141.1753886
30,2011,2011,3.067484663,863,495.8282209
31,2011,2011,0,0,266.6014829
32,2011,2011,0.195937561,4,212.7881915
33,2011,2011,0,0,330.805809
34,2011,2011,1.207729469,94,328.3298827
35,2011,2011,2.396804261,548,386.0852197
36,2011,2011,0.207813799,3,275.2493766
37,2011,2011,0,0,67.15751896
38,2011,2011,0.96749226,141,268.9628483
39,2011,2011,0.400824553,41,243.9876317
40,2011,2011,0.120170642,7,272.0663342
41,2011,2011,0.228832952,8,359.610984
42,2011,2011,0.32855109,5,281.4587668
43,2011,2011,0.274932985,31,372.6716613
44,2011,2011,0.310302027,23,299.3380223
45,2011,2011,0.253893026,7,163.083954
46,2011,2011,0.196618168,15,277.6248525
47,2011,2011,0,0,276.5171858
48,2011,2011,0.2700027,42,141.9314193
49,2011,2011,0.638977636,9,173.8019169
50,2011,2011,0,0,183.604336
51,2011,2011,0.167738328,11,205.8708415
52,2011,2011,0,0,358.9578228
53,2011,2011,0.167448091,6,254.2699263
54,2011,2011,0.545157187,56,318.9169544
55,2011,2011,0.280938334,12,155.4993679

